table=BatchSets
2000008637
table=Contacts
100590
100680
100990
101032
101059
101060
101061
101062
101064
101068
101073
101074
table=Fabrics
1000000274
1000000295
1000000296
1000000297
1000000298
1000000299
1000000300
1000000301
1000000302
1000000303
1000000304
1000000305
1000000306
1000000307
1000000308
1000000309
1000000310
1000000311
1000000312
1000000313
1000000314
1000000315
1000000316
1000000317
1000000318
1000000319
1000000320
1000000321
1000000322
1000000323
1000000324
1000000325
1000000326
1000000327
1000000328
1000000329
1000000330
1000000331
1000000332
1000000333
1000000334
1000000335
1000000336
1000000337
1000000338
1000000339
1000000340
1000000341
1000000342
1000000343
1000000344
1000000345
1000000346
1000000347
1000000348
1000000349
1000000350
1000000351
1000000352
1000000353
1000000354
1000000355
1000000356
1000000357
1000000358
1000000359
1000000360
1000000361
1000000362
1000000363
1000000364
1000000365
1000000366
1000000367
1000000368
1000000369
1000000370
1000000371
1000000372
1000000373
1000000374
1000000375
1000000376
1000000377
1000000378
1000000379
1000000380
1000000381
1000000382
1000000383
1000000384
1000000388
1000000389
1000000390
1000000391
1000000392
1000000393
1000000394
1000000395
1000000396
1000000397
1000000398
1000000399
1000000400
1000000401
1000000402
1000000403
1000000404
1000000405
1000000406
1000000407
1000000408
1000000409
1000000410
1000000411
1000000412
1000000413
1000000414
1000000415
1000000416
1000000417
1000000418
1000000419
1000000420
1000000421
1000000422
1000000423
1000000424
1000000425
1000000426
1000000427
1000000428
1000000429
1000000430
1000000431
1000000432
1000000433
1000000434
1000000435
1000000436
1000000437
1000000438
1000000439
1000000440
1000000441
1000000442
1000000443
1000000444
1000000445
1000000446
1000000447
1000000448
1000000449
1000000450
1000000451
1000000452
1000000453
1000000454
1000000455
1000000456
1000000457
1000000458
1000000459
1000000460
1000000461
1000000462
1000000463
1000000464
1000000465
1000000466
1000000467
1000000468
1000000469
1000000470
1000000471
1000000472
1000000473
1000000474
1000000475
1000000476
1000000477
1000000478
1000000479
1000000480
1000000481
1000000482
1000000483
1000000484
1000000485
1000000486
1000000487
1000000488
1000000489
1000000490
1000000491
1000000492
1000000493
1000000494
1000000495
1000000496
1000000497
1000000498
1000000499
1000000500
1000000501
1000000502
1000000503
1000000504
1000000505
1000000506
1000000507
1000000508
1000000509
1000000510
1000000511
1000000512
1000000513
1000000514
1000000515
1000000516
1000000517
1000000518
1000000519
1000000520
1000000521
1000000522
1000000523
1000000524
1000000525
1000000526
1000000527
1000000528
1000000529
1000000530
1000000531
1000000532
1000000533
1000000534
1000000535
1000000536
1000000537
1000000538
1000000539
1000000540
1000000541
1000000542
1000000543
1000000544
1000000545
1000000546
1000000547
1000000548
1000000549
1000000550
1000000551
1000000552
1000000553
1000000554
1000000555
1000000556
1000000557
1000000558
1000000559
1000000560
1000000561
1000000562
1000000563
1000000564
1000000565
1000000566
1000000567
1000000568
1000000569
1000000570
1000000571
1000000572
1000000573
1000000574
1000000575
1000000576
1000000577
1000000578
1000000579
1000000580
1000000581
1000000582
1000000583
1000000584
1000000585
1000000586
1000000587
1000000588
1000000589
1000000590
1000000591
1000000592
1000000593
1000000594
1000000595
1000000596
1000000597
1000000598
1000000599
1000000600
1000000601
1000000602
1000000603
1000000604
1000000605
1000000606
1000000607
1000000608
1000000609
1000000610
1000000611
1000000612
1000000613
1000000614
1000000615
1000000616
1000000617
1000000618
1000000619
1000000620
1000000621
table=LoadOuts
1000000149
1000000150
1000000158
1000000198
1000000199
1000000304
1000000395
2000000391
2000000392
2000000394
2000000395
2000000396
2000000397
table=Products
100655
101391
200251
table+Quotations
100039
100371
100391
100547
100607
table=Restrictions
1000000373
1000000471
1000000475
1000000485
1000000507
1000000518
