table=Batches
2000000073
2000000101
2000000108
2000000109
2000000155
2000000193
2000000194
2000000195
2000000198
2000000201
2000000204
2000000223
2000000246
2000000247
2000000248
2000000249
2000000250
2000000293
2000000334
2000000338
2000000341
2000000372
2000000389
2000000390
2000000391
2000000502
2000000533
2000000541
2000000707
2000000727
2000000901
2000000920
2000001044
2000001050
2000001062
2000001072
2000001103
2000001112
2000001122
2000001166
2000001179
2000001180
2000001181
2000001182
2000001183
2000001184
2000001185
2000001207
2000001271
2000001272
2000001273
2000001274
2000001275
2000001276
2000001358
2000001416
2000001464
2000001492
2000001563
2000001572
2000001595
2000001612
2000001640
2000001641
2000001652
2000001661
2000001677
2000001709
2000001714
2000001715
2000001733
2000001734
2000001736
2000001756
2000001758
2000001759
2000001760
2000001769
2000001862
2000001863
2000001867
2000001910
2000001911
2000001915
2000001935
2000001957
2000001965
2000001981
2000001999
2000002012
2000002048
2000002117
2000002118
2000002123
2000002124
2000002143
2000002144
2000002312
2000002333
2000002361
2000002370
2000002371
2000002510
2000002511
2000002512
2000002538
2000002672
2000002675
2000002682
2000002700
2000002770
2000002780
2000002781
2000002782
2000002810
2000002811
2000002812
2000002821
2000002844
2000002848
2000002849
2000002850
2000002852
2000002854
2000002862
2000002950
2000002952
2000002973
2000002977
2000003042
2000003057
2000003084
2000003123
2000003134
2000003176
2000003179
2000003186
2000003248
2000003255
2000003274
2000003301
table=BatchOuts
1000000001
1000000002
1000000003
1000000004
1000000005
1000000006
1000000007
2000000003
2000000004
2000000005
2000000006
2000000007
2000000008
2000000009
2000000010
2000000011
2000000012
2000000013
2000000014
2000000015
2000000016
2000000017
2000000018
2000000019
2000000020
2000000021
2000000022
2000000023
2000000024
2000000025
2000000026
2000000027
2000000028
2000000029
2000000030
2000000031
2000000032
2000000033
2000000034
2000000035
2000000036
2000000037
2000000038
2000000039
2000000040
2000000041
2000000042
2000000043
2000000044
2000000045
2000000046
2000000047
2000000048
2000000049
2000000050
2000000051
2000000052
2000000053
2000000054
2000000055
2000000056
2000000057
2000000058
2000000059
2000000060
2000000061
2000000062
2000000063
2000000067
2000000068
2000000069
2000000070
2000000071
2000000072
2000000073
2000000074
2000000075
2000000076
2000000077
2000000078
2000000080
2000000081
2000000082
2000000083
2000000084
2000000085
2000000086
2000000087
2000000088
2000000089
2000000090
2000000091
2000000092
2000000093
2000000094
2000000095
2000000097
2000000098
2000000099
2000000100
2000000101
2000000102
2000000103
2000000104
2000000105
2000000106
2000000107
2000000108
2000000109
2000000110
2000000111
2000000112
2000000113
2000000114
2000000115
2000000116
2000000117
2000000118
2000000119
2000000120
2000000121
2000000122
2000000123
2000000124
2000000125
2000000126
2000000127
2000000128
2000000129
2000000130
2000000131
2000000132
2000000133
2000000134
2000000135
2000000136
2000000137
2000000138
2000000139
2000000140
2000000141
2000000142
2000000143
2000000144
2000000145
2000000146
2000000147
2000000148
2000000149
2000000150
2000000151
2000000152
2000000153
2000000154
2000000155
2000000156
2000000157
2000000165
2000000166
2000000167
2000000168
2000000169
2000000170
2000000171
2000000218
2000000219
2000000365
2000000366
2000000367
2000000368
2000000369
2000000370
2000000371
2000000373
2000000374
2000000377
2000000378
2000000379
2000000380
2000000381
2000000382
2000000383
2000000384
2000000385
2000000386
2000000387
2000000388
2000000389
2000000391
2000000392
2000000393
2000000394
2000000396
2000000399
2000000400
2000000401
2000000402
2000000404
2000000405
2000000406
2000000407
2000000409
2000000410
2000000411
2000000412
2000000413
2000000414
2000000415
2000000416
2000000417
2000000418
2000000419
2000000420
2000000421
2000000422
2000000423
2000000424
2000000425
2000000426
2000000427
2000000428
2000000429
2000000430
2000000431
2000000432
2000000433
2000000434
2000000436
2000000437
2000000438
2000000439
2000000440
2000000441
2000000442
2000000443
2000000444
2000000445
2000000446
2000000448
2000000449
2000000450
2000000451
2000000452
2000000453
2000000454
2000000455
2000000456
2000000457
2000000458
2000000459
2000000460
2000000461
2000000462
2000000463
2000000464
2000000465
2000000466
2000000467
2000000468
2000000469
2000000470
2000000471
2000000472
2000000473
2000000474
2000000475
2000000476
2000000477
2000000478
2000000479
2000000480
2000000481
2000000482
2000000483
2000000484
2000000485
2000000486
2000000487
2000000488
2000000489
2000000490
2000000491
2000000492
2000000493
2000000495
2000000496
2000000497
2000000498
2000000500
2000000501
2000000503
2000000504
2000000506
2000000507
2000000510
2000000511
2000000512
2000000513
2000000514
2000000515
2000000516
2000000517
2000000518
2000000519
2000000520
2000000521
2000000522
2000000523
2000000524
2000000525
2000000526
2000000527
2000000529
2000000530
2000000532
2000000533
2000000534
2000000535
2000000536
2000000537
2000000538
2000000539
2000000540
2000000541
2000000542
2000000544
2000000545
2000000546
2000000547
2000000548
2000000549
2000000550
2000000552
2000000553
2000000554
2000000555
2000000556
2000000558
2000000559
2000000560
2000000561
2000000563
2000000564
2000000565
2000000566
2000000568
2000000569
2000000570
2000000571
2000000572
2000000573
2000000574
2000000575
2000000576
2000000577
2000000578
2000000579
2000000580
2000000581
2000000583
2000000584
2000000585
2000000586
2000000587
2000000588
2000000589
2000000591
2000000594
2000000595
2000000596
2000000597
2000000598
2000000599
2000000600
2000000601
2000000602
2000000603
2000000604
2000000605
2000000606
2000000607
2000000608
2000000609
2000000610
2000000611
2000000612
2000000622
2000000623
2000000626
2000000628
2000000629
2000000631
2000000632
2000000633
2000000634
2000000635
2000000636
2000000639
2000000640
2000000641
2000000642
2000000643
2000000644
2000000646
2000000652
2000000653
2000000654
2000000655
2000000656
2000000657
2000000659
2000000660
2000000662
2000000663
2000000664
2000000665
2000000667
2000000668
2000000669
2000000670
2000000671
2000000672
2000000673
2000000676
2000000677
2000000678
2000000679
2000000681
2000000682
2000000684
2000000685
2000000686
2000000687
2000000689
2000000690
2000000695
2000000696
2000000698
2000000699
2000000700
2000000701
2000000702
2000000703
2000000704
2000000705
2000000706
2000000707
2000000708
2000000709
2000000710
2000000711
2000000712
2000000713
2000000714
2000000715
2000000716
2000000717
2000000719
2000000720
2000000721
2000000726
2000000727
2000000728
2000000729
2000000732
2000000733
2000000734
2000000735
2000000736
2000000737
2000000739
2000000740
2000000749
2000000750
2000000751
2000000752
2000000753
2000000754
2000000755
2000000756
2000000757
2000000758
2000000759
2000000760
2000000761
2000000762
2000000763
2000000764
2000000765
2000000766
2000000767
2000000768
2000000769
2000000770
2000000771
2000000772
2000000773
2000000774
2000000775
2000000776
2000000777
2000000778
2000000779
2000000780
2000000781
2000000782
2000000783
2000000784
2000000785
2000000786
2000000787
2000000788
2000000789
2000000790
2000000791
2000000792
2000000793
2000000794
2000000795
2000000796
2000000798
2000000802
2000000803
2000000804
2000000805
2000000806
2000000807
2000000808
2000000809
2000000810
2000000811
2000000812
2000000814
2000000815
2000000816
2000000817
2000000819
2000000820
2000000821
2000000822
2000000823
2000000824
2000000825
2000000826
2000000827
2000000828
2000000829
2000000830
2000000831
2000000832
2000000833
2000000834
2000000835
2000000836
2000000837
2000000838
2000000839
2000000840
2000000841
2000000842
2000000843
2000000844
2000000845
2000000846
2000000847
2000000848
2000000849
2000000850
2000000851
2000000852
2000000853
2000000854
2000000855
2000000856
2000000858
2000000860
2000000861
2000000863
2000000864
2000000865
2000000866
2000000867
2000000868
2000000870
2000000872
2000000876
2000000877
2000000878
2000000879
2000000880
2000000881
2000000882
2000000883
2000000884
2000000885
2000000886
2000000887
2000000888
2000000889
2000000890
2000000891
2000000893
2000000894
2000000895
2000000897
2000000898
2000000900
2000000901
2000000902
2000000903
2000000904
2000000905
2000000907
2000000908
2000000909
2000000910
2000000911
2000000913
2000000914
2000000915
2000000916
2000000917
2000000918
2000000919
2000000922
2000000923
2000000924
2000000925
2000000926
2000000927
2000000928
2000000929
2000000930
2000000931
2000000932
2000000933
2000000934
2000000935
2000000936
2000000937
2000000938
2000000939
2000000940
2000000941
2000000942
2000000943
2000000944
2000000945
2000000946
2000000947
2000000948
2000000949
2000000950
2000000951
2000000952
2000000953
2000000954
2000000955
2000000956
2000000957
2000000960
2000000961
2000000962
2000000964
2000000965
2000000966
2000000967
2000000968
2000000969
2000000970
2000000971
2000000972
2000000973
2000000975
2000000977
2000000978
2000000980
2000000981
2000000982
2000000983
2000000985
2000000986
2000000987
2000000988
2000000989
2000000990
2000000992
2000000993
2000000994
2000000995
2000000996
2000000997
2000000998
2000000999
2000001000
2000001001
2000001002
2000001003
2000001004
2000001005
2000001006
2000001007
2000001008
2000001009
2000001010
2000001011
2000001012
2000001013
2000001014
2000001015
2000001016
2000001017
2000001019
2000001020
2000001022
2000001023
2000001024
2000001025
2000001026
2000001028
2000001029
2000001030
2000001032
2000001035
2000001036
2000001037
2000001038
2000001039
2000001040
2000001041
2000001042
2000001043
2000001044
2000001045
2000001047
2000001049
2000001050
2000001051
2000001052
2000001053
2000001055
2000001059
2000001060
2000001061
2000001062
2000001063
2000001064
2000001065
2000001066
2000001067
2000001068
2000001069
2000001072
2000001073
2000001074
2000001075
2000001076
2000001077
2000001078
2000001079
2000001080
2000001081
2000001082
2000001083
2000001084
2000001085
2000001086
2000001087
2000001088
2000001089
2000001090
2000001091
2000001092
2000001093
2000001094
2000001095
2000001096
2000001097
2000001098
2000001099
2000001100
2000001101
2000001102
2000001103
2000001104
2000001106
2000001107
2000001108
2000001109
2000001110
2000001111
2000001112
2000001113
2000001114
2000001115
2000001116
2000001117
2000001118
2000001119
2000001120
2000001121
2000001122
2000001123
2000001124
2000001125
2000001126
2000001127
2000001128
2000001129
2000001130
2000001131
2000001132
2000001133
2000001134
2000001135
2000001136
2000001137
2000001139
2000001140
2000001142
2000001143
2000001144
2000001145
2000001146
2000001148
2000001149
2000001150
2000001151
2000001152
2000001153
2000001154
2000001155
2000001156
2000001157
2000001158
2000001160
2000001161
2000001162
2000001164
2000001165
2000001166
2000001167
2000001168
2000001169
2000001170
2000001171
2000001172
2000001173
2000001174
2000001175
2000001176
2000001177
2000001178
2000001179
2000001180
2000001181
2000001182
2000001183
2000001184
2000001185
2000001186
2000001187
2000001188
2000001189
2000001190
2000001191
2000001192
2000001193
2000001194
2000001195
2000001196
2000001197
2000001198
2000001199
2000001200
2000001201
2000001202
2000001203
2000001204
2000001205
2000001206
2000001207
2000001208
2000001209
2000001210
2000001212
2000001213
2000001214
2000001215
2000001216
2000001217
2000001218
2000001219
2000001222
2000001223
2000001224
2000001225
2000001226
2000001227
2000001228
2000001229
2000001231
2000001232
2000001233
2000001234
2000001235
2000001236
2000001237
2000001238
2000001239
2000001240
2000001241
2000001242
2000001243
2000001244
2000001245
2000001246
2000001247
2000001248
2000001249
2000001250
2000001251
2000001253
2000001254
2000001256
2000001257
2000001258
2000001259
2000001260
2000001261
2000001262
2000001263
2000001264
2000001266
2000001267
2000001268
2000001269
2000001270
2000001271
2000001272
2000001273
2000001274
2000001276
2000001277
2000001278
2000001279
2000001280
2000001281
2000001282
2000001283
2000001284
2000001285
2000001286
2000001287
2000001288
2000001289
2000001291
2000001292
2000001294
2000001295
2000001296
2000001297
2000001298
2000001299
2000001300
2000001301
2000001302
2000001303
2000001304
2000001305
2000001306
2000001307
2000001308
2000001309
2000001310
2000001311
2000001312
2000001314
2000001315
2000001317
2000001318
2000001319
2000001320
2000001324
2000001325
2000001326
2000001327
2000001328
2000001329
2000001331
2000001332
2000001334
2000001335
2000001336
2000001337
2000001338
2000001339
2000001340
2000001341
2000001342
2000001343
2000001344
2000001345
2000001346
2000001348
2000001349
2000001350
2000001351
2000001352
2000001353
2000001354
2000001355
2000001356
2000001358
2000001362
2000001363
2000001364
2000001365
2000001367
2000001368
2000001369
2000001370
2000001371
2000001372
2000001373
2000001374
2000001377
2000001378
2000001379
2000001380
2000001381
2000001382
2000001383
2000001384
2000001385
2000001386
2000001388
2000001390
2000001391
2000001392
2000001393
2000001394
2000001395
2000001396
2000001397
2000001398
2000001399
2000001400
2000001401
2000001402
2000001403
2000001404
2000001405
2000001406
2000001407
2000001408
2000001409
2000001411
2000001414
2000001415
2000001416
2000001417
2000001418
2000001419
2000001420
2000001421
2000001422
2000001423
2000001424
2000001425
2000001426
2000001428
2000001429
2000001430
2000001431
2000001432
2000001433
2000001437
2000001440
2000001441
2000001442
2000001443
2000001444
2000001445
2000001446
2000001447
2000001448
2000001449
2000001450
2000001451
2000001452
2000001453
2000001454
2000001456
2000001457
2000001458
2000001459
2000001460
2000001461
2000001463
2000001464
2000001465
2000001466
2000001468
2000001469
2000001470
2000001471
2000001472
2000001473
2000001475
2000001476
2000001477
2000001478
2000001479
2000001480
2000001481
2000001482
2000001483
2000001484
2000001485
2000001486
2000001487
2000001488
2000001489
2000001490
2000001491
2000001492
2000001493
2000001494
2000001496
2000001497
2000001498
2000001499
2000001500
2000001501
2000001502
2000001503
2000001504
2000001505
2000001506
2000001507
2000001508
2000001509
2000001510
2000001511
2000001512
2000001513
2000001514
2000001515
2000001516
2000001517
2000001518
2000001519
2000001521
2000001522
2000001523
2000001524
2000001525
2000001526
2000001527
2000001529
2000001530
2000001531
2000001532
2000001533
2000001534
2000001535
2000001536
2000001537
2000001538
2000001539
2000001540
2000001541
2000001542
2000001544
2000001545
2000001546
2000001547
2000001548
2000001549
2000001550
2000001552
2000001553
2000001555
2000001556
2000001557
2000001559
2000001560
2000001561
2000001562
2000001563
2000001564
2000001566
2000001567
2000001568
2000001569
2000001570
2000001571
2000001572
2000001573
2000001574
2000001575
2000001576
2000001577
2000001578
2000001579
2000001580
2000001581
2000001582
2000001583
2000001584
2000001586
2000001587
2000001588
2000001589
2000001590
2000001591
2000001593
2000001594
2000001595
2000001596
2000001597
2000001598
2000001599
2000001600
2000001601
2000001602
2000001603
2000001604
2000001606
2000001607
2000001608
2000001609
2000001610
2000001611
2000001612
2000001613
2000001614
2000001615
2000001616
2000001617
2000001618
2000001619
2000001620
2000001621
2000001622
2000001623
2000001624
2000001625
2000001626
2000001627
2000001628
2000001629
2000001630
2000001631
2000001632
2000001633
2000001634
2000001635
2000001637
2000001639
2000001640
2000001641
2000001642
2000001643
2000001644
2000001645
2000001646
2000001647
2000001648
2000001649
2000001650
2000001651
2000001652
2000001653
2000001657
2000001658
2000001660
2000001661
2000001662
2000001663
2000001664
2000001665
2000001666
2000001667
2000001668
2000001669
2000001673
2000001674
2000001676
2000001678
2000001679
2000001680
2000001681
2000001682
2000001683
2000001684
2000001685
2000001686
2000001687
2000001688
2000001689
2000001690
2000001691
2000001692
2000001693
2000001694
2000001695
2000001696
2000001697
2000001698
2000001699
2000001700
2000001701
2000001702
2000001703
2000001704
2000001705
2000001706
2000001707
2000001708
2000001709
2000001710
2000001711
2000001712
2000001713
2000001714
2000001715
2000001716
2000001717
2000001718
2000001719
2000001720
2000001721
2000001722
2000001723
2000001726
2000001727
2000001728
2000001729
2000001731
2000001732
2000001733
2000001734
2000001735
2000001736
2000001737
2000001738
2000001739
2000001740
2000001741
2000001742
2000001743
2000001744
2000001745
2000001746
2000001747
2000001748
2000001749
2000001750
2000001751
2000001752
2000001753
2000001754
2000001755
2000001756
2000001757
2000001758
2000001759
2000001760
2000001761
2000001762
2000001763
2000001764
2000001765
2000001766
2000001767
2000001768
2000001769
2000001770
2000001771
2000001772
2000001773
2000001774
2000001775
2000001777
2000001778
2000001779
2000001780
2000001781
2000001782
2000001783
2000001784
2000001785
2000001786
2000001787
2000001788
2000001789
2000001790
2000001791
2000001792
2000001794
2000001796
2000001797
2000001798
2000001800
2000001801
2000001802
2000001803
2000001804
2000001805
2000001806
2000001807
2000001808
2000001809
2000001810
2000001811
2000001812
2000001813
2000001814
2000001815
2000001816
2000001817
2000001818
2000001819
2000001820
2000001821
2000001822
2000001823
2000001824
2000001825
2000001826
2000001827
2000001828
2000001829
2000001830
2000001831
2000001832
2000001833
2000001834
2000001835
2000001836
2000001837
2000001838
2000001839
2000001840
2000001841
2000001842
2000001843
2000001844
2000001845
2000001846
2000001847
2000001848
2000001849
2000001851
2000001853
2000001854
2000001855
2000001856
2000001857
2000001859
2000001860
2000001861
2000001862
2000001863
2000001864
2000001865
2000001866
2000001867
2000001868
2000001869
2000001870
2000001871
2000001872
2000001873
2000001874
2000001875
2000001877
2000001878
2000001881
2000001882
2000001883
2000001885
2000001886
2000001887
2000001888
2000001889
2000001890
2000001891
2000001892
2000001893
2000001894
2000001895
2000001896
2000001897
2000001898
2000001899
2000001900
2000001901
2000001902
2000001903
2000001904
2000001905
2000001906
2000001907
2000001908
2000001909
2000001910
2000001911
2000001912
2000001913
2000001914
2000001915
2000001916
2000001917
2000001918
2000001921
2000001923
2000001925
2000001926
2000001927
2000001928
2000001929
2000001930
2000001931
2000001932
2000001933
2000001934
2000001935
2000001936
2000001937
2000001938
2000001939
2000001940
2000001941
2000001942
2000001943
2000001944
2000001945
2000001946
2000001947
2000001948
2000001950
2000001951
2000001952
2000001953
2000001954
2000001955
2000001956
2000001957
2000001958
2000001959
2000001960
2000001961
2000001962
2000001963
2000001964
2000001965
2000001966
2000001967
2000001968
2000001969
2000001970
2000001971
2000001972
2000001973
2000001974
2000001975
2000001976
2000001977
2000001978
2000001979
2000001980
2000001981
2000001982
2000001983
2000001984
2000001985
2000001986
2000001987
2000001988
2000001989
2000001990
2000001991
2000001992
2000001993
2000001994
2000001995
2000001996
2000001997
2000001998
2000001999
2000002000
2000002001
2000002002
2000002003
2000002004
2000002005
2000002006
2000002007
2000002008
2000002009
2000002010
2000002011
2000002012
2000002013
2000002014
2000002015
2000002016
2000002017
2000002018
2000002019
2000002020
2000002021
2000002022
2000002023
2000002025
2000002026
2000002027
2000002028
2000002029
2000002030
2000002031
2000002032
2000002033
2000002034
2000002035
2000002036
2000002037
2000002038
2000002039
2000002040
2000002041
2000002042
2000002043
2000002044
2000002045
2000002046
2000002047
2000002048
2000002049
2000002050
2000002051
2000002052
2000002053
2000002054
2000002055
2000002056
2000002057
2000002058
2000002059
2000002060
2000002062
2000002063
2000002064
2000002065
2000002067
2000002068
2000002070
2000002071
2000002072
2000002073
2000002074
2000002075
2000002076
2000002077
2000002078
2000002079
2000002080
2000002081
2000002082
2000002083
2000002084
2000002085
2000002086
2000002087
2000002088
2000002089
2000002090
2000002091
2000002092
2000002093
2000002094
2000002095
2000002096
2000002097
2000002098
2000002100
2000002101
2000002102
2000002103
2000002104
2000002105
2000002106
2000002108
2000002109
2000002110
2000002111
2000002112
2000002113
2000002114
2000002115
2000002116
2000002118
2000002119
2000002120
2000002121
2000002122
2000002123
2000002124
2000002125
2000002126
2000002127
2000002128
2000002129
2000002130
2000002132
2000002134
2000002135
2000002136
2000002137
2000002138
2000002139
2000002140
2000002141
2000002142
2000002143
2000002144
2000002145
2000002146
2000002147
2000002148
2000002149
2000002150
2000002151
2000002152
2000002153
2000002154
2000002155
2000002156
2000002157
2000002158
2000002159
2000002160
2000002161
2000002162
2000002163
2000002164
2000002165
2000002166
2000002167
2000002168
2000002169
2000002170
2000002171
2000002172
2000002173
2000002174
2000002175
2000002176
2000002177
2000002178
2000002179
2000002180
2000002182
2000002183
2000002184
2000002185
2000002186
2000002187
2000002188
2000002189
2000002190
2000002191
2000002192
2000002193
2000002194
2000002195
2000002196
2000002197
2000002198
2000002199
2000002200
2000002201
2000002202
2000002203
2000002204
2000002205
2000002206
2000002207
2000002208
2000002209
2000002210
2000002211
2000002212
2000002213
2000002215
2000002216
2000002217
2000002218
2000002219
2000002220
2000002222
2000002223
2000002224
2000002226
2000002227
2000002228
2000002229
2000002230
2000002231
2000002232
2000002233
2000002234
2000002236
2000002238
2000002239
2000002240
2000002241
2000002242
2000002243
2000002244
2000002245
2000002246
2000002247
2000002248
2000002249
2000002250
2000002251
2000002252
2000002253
2000002254
2000002255
2000002256
2000002257
2000002258
2000002259
2000002260
2000002261
2000002262
2000002263
2000002264
2000002265
2000002266
2000002267
2000002268
2000002269
2000002270
2000002271
2000002272
2000002273
2000002274
2000002275
2000002276
2000002277
2000002278
2000002279
2000002280
2000002281
2000002282
2000002283
2000002284
2000002285
2000002286
2000002287
2000002288
2000002289
2000002290
2000002292
2000002293
2000002294
2000002296
2000002297
2000002298
2000002299
2000002300
2000002301
2000002302
2000002303
2000002304
2000002305
2000002306
2000002307
2000002308
2000002309
2000002310
2000002311
2000002312
2000002313
2000002314
2000002315
2000002316
2000002318
2000002319
2000002320
2000002321
2000002324
2000002325
2000002326
2000002327
2000002328
2000002329
2000002330
2000002331
2000002332
2000002333
2000002334
2000002335
2000002336
2000002337
2000002338
2000002339
2000002340
2000002341
2000002342
2000002343
2000002344
2000002345
2000002346
2000002347
2000002348
2000002349
2000002350
2000002351
2000002352
2000002353
2000002354
2000002355
2000002357
2000002358
2000002359
2000002360
2000002361
2000002362
2000002363
2000002364
2000002365
2000002367
2000002368
2000002369
2000002370
2000002371
2000002372
2000002373
2000002374
2000002375
2000002376
2000002377
2000002378
2000002379
2000002380
2000002381
2000002382
2000002383
2000002384
2000002385
2000002386
2000002387
2000002388
2000002389
2000002390
2000002391
2000002392
2000002393
2000002394
2000002395
2000002396
2000002397
2000002398
2000002399
2000002401
2000002402
2000002403
2000002404
2000002405
2000002406
2000002407
2000002408
2000002409
2000002410
2000002411
2000002412
2000002413
2000002414
2000002415
2000002416
2000002417
2000002418
2000002419
2000002421
2000002423
2000002424
2000002425
2000002426
2000002427
2000002429
2000002430
2000002431
2000002432
2000002433
2000002434
2000002435
2000002436
2000002437
2000002438
2000002439
2000002441
2000002442
2000002443
2000002444
2000002445
2000002446
2000002447
2000002448
2000002449
2000002450
2000002451
2000002452
2000002453
2000002454
2000002455
2000002456
2000002457
2000002458
2000002459
2000002460
2000002461
2000002462
2000002463
2000002464
2000002465
2000002466
2000002467
2000002470
2000002471
2000002472
2000002473
2000002474
2000002475
2000002476
2000002477
2000002478
2000002479
2000002480
2000002481
2000002482
2000002483
2000002484
2000002485
2000002486
2000002487
2000002488
2000002489
2000002490
2000002491
2000002492
2000002493
2000002494
2000002495
2000002496
2000002498
2000002499
2000002500
2000002501
2000002502
2000002503
2000002504
2000002505
2000002506
2000002507
2000002508
2000002509
2000002510
2000002511
2000002512
2000002513
2000002514
2000002515
2000002517
2000002519
2000002520
2000002521
2000002522
2000002523
2000002524
2000002525
2000002526
2000002527
2000002528
2000002529
2000002530
2000002531
2000002532
2000002533
2000002534
2000002535
2000002536
2000002537
2000002538
2000002539
2000002540
2000002541
2000002542
2000002543
2000002544
2000002545
2000002546
2000002547
2000002548
2000002549
2000002550
2000002551
2000002552
2000002553
2000002554
2000002555
2000002556
2000002557
2000002558
2000002559
2000002560
2000002561
2000002562
2000002563
2000002564
2000002565
2000002566
2000002567
2000002568
2000002569
2000002570
2000002571
2000002572
2000002573
2000002575
2000002576
2000002577
2000002578
2000002579
2000002580
2000002581
2000002582
2000002583
2000002584
2000002585
2000002586
2000002587
2000002588
2000002589
2000002590
2000002591
2000002592
2000002593
2000002594
2000002595
2000002597
2000002598
2000002599
2000002600
2000002601
2000002602
2000002603
2000002604
2000002605
2000002606
2000002607
2000002608
2000002609
2000002610
2000002611
2000002612
2000002613
2000002614
2000002615
2000002616
2000002617
2000002618
2000002619
2000002621
2000002622
2000002623
2000002624
2000002626
2000002627
2000002628
2000002629
2000002630
2000002631
2000002632
2000002633
2000002634
2000002636
2000002637
2000002638
2000002639
2000002640
2000002641
2000002642
2000002643
2000002645
2000002646
2000002647
2000002648
2000002649
2000002650
2000002651
2000002652
2000002653
2000002654
2000002655
2000002656
2000002657
2000002658
2000002659
2000002660
2000002661
2000002664
2000002665
2000002666
2000002667
2000002668
2000002669
2000002670
2000002671
2000002672
2000002673
2000002676
2000002677
2000002678
2000002679
2000002680
2000002681
2000002682
2000002683
2000002684
2000002685
2000002686
2000002687
2000002689
2000002690
2000002691
2000002692
2000002693
2000002694
2000002695
2000002696
2000002697
2000002698
2000002699
2000002700
2000002701
2000002702
2000002703
2000002704
2000002705
2000002706
2000002707
2000002713
2000002715
2000002716
2000002717
2000002718
2000002719
2000002720
2000002724
2000002725
2000002726
2000002727
2000002729
2000002730
2000002731
2000002732
2000002734
2000002735
2000002736
2000002737
2000002738
2000002739
2000002740
2000002741
2000002742
2000002743
2000002744
2000002745
2000002747
2000002748
2000002749
2000002750
2000002751
2000002753
2000002754
2000002755
2000002756
2000002757
2000002758
2000002759
2000002760
2000002761
2000002762
2000002763
2000002764
2000002765
2000002766
2000002767
2000002768
2000002769
2000002770
2000002771
2000002772
2000002773
2000002774
2000002775
2000002776
2000002777
2000002778
2000002779
2000002785
2000002786
2000002788
2000002789
2000002790
2000002791
2000002792
2000002793
2000002794
2000002795
2000002796
2000002797
2000002798
2000002799
2000002800
2000002801
2000002802
2000002803
2000002804
2000002805
2000002806
2000002807
2000002808
2000002809
2000002810
2000002811
2000002812
2000002813
2000002814
2000002815
2000002816
2000002818
2000002819
2000002821
2000002822
2000002823
2000002827
2000002829
2000002830
2000002831
2000002832
2000002833
2000002834
2000002835
2000002836
2000002837
2000002838
2000002839
2000002840
2000002841
2000002842
2000002843
2000002844
2000002845
2000002846
2000002847
2000002849
2000002851
2000002852
2000002853
2000002854
2000002855
2000002856
2000002858
2000002859
2000002860
2000002861
2000002862
2000002863
2000002864
2000002865
2000002866
2000002867
2000002868
2000002869
2000002870
2000002871
2000002872
2000002873
2000002874
2000002876
2000002877
2000002878
2000002879
2000002881
2000002882
2000002883
2000002884
2000002885
2000002886
2000002887
2000002889
2000002890
2000002891
2000002892
2000002893
2000002895
2000002896
2000002898
2000002899
2000002900
2000002901
2000002902
2000002903
2000002904
2000002905
2000002906
2000002907
2000002908
2000002909
2000002911
2000002912
2000002913
2000002914
2000002915
2000002916
2000002917
2000002918
2000002919
2000002920
2000002921
2000002922
2000002923
2000002924
2000002925
2000002927
2000002928
2000002929
2000002930
2000002931
2000002932
2000002933
2000002934
2000002935
2000002936
2000002937
2000002938
2000002939
2000002940
2000002941
2000002943
2000002944
2000002945
2000002946
2000002947
2000002948
2000002949
2000002950
2000002951
2000002952
2000002953
2000002954
2000002955
2000002956
2000002957
2000002958
2000002959
2000002960
2000002961
2000002962
2000002963
2000002964
2000002965
2000002966
2000002967
2000002968
2000002969
2000002970
2000002971
2000002974
2000002975
2000002976
2000002977
2000002978
2000002979
2000002980
2000002981
2000002982
2000002983
2000002984
2000002985
2000002988
2000002989
2000002990
2000002991
2000002992
2000002993
2000002994
2000002995
2000002996
2000002997
2000002998
2000002999
2000003000
2000003001
2000003002
2000003004
2000003007
2000003008
2000003009
2000003010
2000003011
2000003013
2000003014
2000003015
2000003016
2000003017
2000003018
2000003019
2000003020
2000003021
2000003022
2000003023
2000003025
2000003026
2000003027
2000003028
2000003029
2000003030
2000003031
2000003032
2000003033
2000003034
2000003035
2000003036
2000003037
2000003038
2000003040
2000003041
2000003042
2000003043
2000003044
2000003045
2000003046
2000003047
2000003048
2000003049
2000003050
2000003051
2000003052
2000003053
2000003054
2000003055
2000003056
2000003057
2000003058
2000003059
2000003060
2000003062
2000003063
2000003064
2000003065
2000003066
2000003067
2000003068
2000003069
2000003070
2000003071
2000003073
2000003074
2000003075
2000003078
2000003079
2000003080
2000003081
2000003082
2000003083
2000003084
2000003085
2000003086
2000003087
2000003088
2000003089
2000003090
2000003091
2000003092
2000003093
2000003094
2000003095
2000003096
2000003098
2000003099
2000003100
2000003101
2000003102
2000003103
2000003104
2000003105
2000003106
2000003107
2000003108
2000003109
2000003110
2000003111
2000003112
2000003113
2000003114
2000003115
2000003116
2000003117
2000003118
2000003119
2000003120
2000003121
2000003122
2000003123
2000003124
2000003125
2000003126
2000003127
2000003128
2000003129
2000003130
2000003131
2000003132
2000003133
2000003134
2000003135
2000003136
2000003137
2000003138
2000003139
2000003140
2000003141
2000003142
2000003143
2000003144
2000003146
2000003147
2000003148
2000003150
2000003151
2000003152
2000003153
2000003154
2000003155
2000003156
2000003157
2000003158
2000003159
2000003160
2000003161
2000003162
2000003163
2000003164
2000003165
2000003166
2000003167
2000003168
2000003169
2000003170
2000003171
2000003172
2000003173
2000003174
2000003175
2000003176
2000003177
2000003178
2000003179
2000003180
2000003181
2000003182
2000003183
2000003184
2000003185
2000003186
2000003187
2000003188
2000003189
2000003190
2000003191
2000003192
2000003193
2000003194
2000003195
2000003196
2000003197
2000003199
2000003201
2000003202
2000003203
2000003204
2000003206
2000003207
2000003208
2000003209
2000003210
2000003211
2000003212
2000003213
2000003214
2000003215
2000003216
2000003217
2000003218
2000003219
2000003220
2000003221
2000003222
2000003224
2000003225
2000003226
2000003227
2000003229
2000003230
2000003231
2000003232
2000003233
2000003234
2000003235
2000003237
2000003238
2000003239
2000003240
2000003241
2000003242
2000003243
2000003244
2000003245
2000003246
2000003247
2000003248
2000003249
2000003250
2000003251
2000003252
2000003253
2000003254
2000003255
2000003256
2000003257
2000003258
2000003259
2000003260
2000003261
2000003262
2000003263
2000003264
2000003265
2000003266
2000003267
2000003268
2000003269
2000003270
2000003271
2000003273
2000003274
2000003275
2000003276
2000003277
2000003278
2000003279
2000003280
2000003281
2000003282
2000003283
2000003284
2000003285
2000003286
2000003287
2000003288
2000003289
2000003291
2000003292
2000003293
2000003294
2000003295
2000003296
2000003297
2000003298
2000003299
2000003300
2000003301
2000003302
2000003303
2000003304
2000003305
2000003306
2000003307
2000003308
2000003309
2000003310
2000003311
2000003312
2000003313
2000003314
2000003315
2000003316
2000003317
2000003318
2000003319
2000003320
2000003321
2000003323
2000003324
2000003325
2000003326
2000003327
2000003328
2000003329
2000003330
2000003332
2000003334
2000003335
2000003336
2000003337
2000003338
2000003339
2000003340
2000003341
2000003342
2000003343
2000003344
2000003345
2000003346
2000003347
2000003348
2000003349
2000003350
2000003351
2000003352
2000003354
2000003355
2000003356
2000003357
2000003358
2000003359
2000003360
2000003361
2000003363
2000003365
2000003366
2000003367
2000003368
2000003369
2000003370
2000003371
2000003372
2000003373
2000003374
2000003375
2000003376
2000003377
2000003378
2000003379
2000003380
2000003381
2000003382
2000003383
2000003384
2000003385
2000003386
2000003387
2000003388
2000003389
2000003390
2000003391
2000003392
2000003393
2000003394
2000003395
2000003396
2000003397
2000003398
2000003399
2000003400
2000003401
2000003402
2000003403
2000003404
2000003405
2000003406
2000003407
2000003408
2000003410
2000003411
2000003412
2000003413
2000003414
2000003415
2000003417
2000003418
2000003419
2000003420
2000003421
2000003422
2000003423
2000003424
2000003425
2000003426
2000003427
2000003428
2000003429
2000003430
2000003431
2000003432
2000003433
2000003434
2000003435
2000003436
2000003437
2000003438
2000003439
2000003440
2000003441
2000003442
2000003443
2000003444
2000003445
2000003446
2000003447
2000003448
2000003449
2000003451
2000003452
2000003453
2000003454
2000003455
2000003456
2000003457
2000003458
2000003459
2000003460
2000003461
2000003462
2000003463
2000003464
2000003465
2000003466
2000003467
2000003468
2000003469
2000003470
2000003472
2000003474
2000003475
2000003476
2000003477
2000003478
2000003479
2000003480
2000003481
2000003482
2000003483
2000003484
2000003485
2000003486
2000003487
2000003488
2000003489
2000003490
2000003491
2000003492
2000003493
2000003494
2000003495
2000003496
2000003497
2000003498
2000003499
2000003500
2000003501
2000003502
2000003503
2000003504
2000003505
2000003506
2000003507
2000003508
2000003509
2000003510
2000003511
2000003513
2000003514
2000003515
2000003517
2000003518
2000003519
2000003520
2000003522
2000003523
2000003524
2000003525
2000003526
2000003527
2000003528
2000003529
2000003530
2000003532
2000003533
2000003534
2000003535
2000003536
2000003538
2000003539
2000003540
2000003541
2000003542
2000003545
2000003546
2000003547
2000003548
2000003549
2000003550
2000003551
2000003552
2000003553
2000003554
2000003555
2000003556
2000003557
2000003558
2000003559
2000003560
2000003561
2000003562
2000003564
2000003565
2000003566
2000003567
2000003568
2000003570
2000003571
2000003572
2000003574
2000003575
2000003576
2000003579
2000003580
2000003581
2000003582
2000003583
2000003584
2000003585
2000003586
2000003587
2000003588
2000003589
2000003590
2000003591
2000003592
2000003593
2000003594
2000003596
2000003597
2000003598
2000003599
2000003600
2000003601
2000003602
2000003604
2000003605
2000003606
2000003608
2000003609
2000003611
2000003612
2000003613
2000003614
2000003615
2000003616
2000003617
2000003618
2000003619
2000003620
2000003621
2000003622
2000003623
2000003624
2000003625
2000003626
2000003627
2000003628
2000003629
2000003630
2000003631
2000003632
2000003633
2000003635
2000003636
2000003637
2000003638
2000003639
2000003640
2000003641
2000003642
2000003643
2000003644
2000003646
2000003647
2000003648
2000003649
2000003650
2000003651
2000003652
2000003653
2000003654
2000003655
2000003656
2000003657
2000003658
2000003659
2000003660
2000003661
2000003662
2000003663
2000003664
2000003665
2000003666
2000003667
2000003668
2000003669
2000003670
2000003671
2000003672
2000003673
2000003674
2000003675
2000003676
2000003677
2000003678
2000003679
2000003680
2000003681
2000003682
2000003683
2000003684
2000003685
2000003686
2000003687
2000003688
2000003689
2000003690
2000003691
2000003692
2000003693
2000003694
2000003695
2000003696
2000003697
2000003698
2000003699
2000003700
2000003701
2000003702
2000003703
2000003704
2000003705
2000003706
2000003707
2000003708
2000003709
2000003710
2000003711
2000003712
2000003713
2000003714
2000003715
2000003716
2000003717
2000003718
2000003719
2000003720
2000003721
2000003722
2000003723
2000003724
2000003725
2000003726
2000003727
2000003728
2000003729
2000003730
2000003731
2000003732
2000003733
2000003734
2000003735
2000003736
2000003737
2000003738
2000003739
2000003740
2000003741
2000003742
2000003743
2000003744
2000003745
2000003746
2000003747
2000003748
2000003749
2000003750
2000003751
2000003752
2000003753
2000003754
2000003755
2000003756
2000003757
2000003758
2000003759
2000003760
2000003761
2000003762
2000003763
2000003764
2000003765
2000003767
2000003768
2000003769
2000003770
2000003771
2000003772
2000003773
2000003774
2000003775
2000003776
2000003777
2000003778
2000003780
2000003781
2000003782
2000003783
2000003784
2000003785
2000003786
2000003787
2000003788
2000003789
2000003790
2000003791
2000003792
2000003793
2000003794
2000003795
2000003796
2000003797
2000003798
2000003799
2000003800
2000003801
2000003802
2000003803
2000003804
2000003805
2000003806
2000003807
2000003808
2000003809
2000003810
2000003811
2000003812
2000003813
2000003814
2000003815
2000003816
2000003817
2000003818
2000003819
2000003820
2000003821
2000003822
2000003823
2000003824
2000003825
2000003826
2000003827
2000003828
2000003829
2000003830
2000003831
2000003832
2000003833
2000003834
2000003835
2000003836
2000003837
2000003838
2000003839
2000003840
2000003841
2000003842
2000003843
2000003844
2000003845
2000003846
2000003847
2000003848
2000003849
2000003850
2000003851
2000003852
2000003853
2000003854
2000003855
2000003856
2000003857
2000003858
2000003859
2000003860
2000003861
2000003862
2000003863
2000003864
2000003865
2000003866
2000003867
2000003868
2000003869
2000003870
2000003871
2000003872
2000003873
2000003874
2000003875
2000003876
2000003877
2000003878
2000003879
2000003880
2000003881
2000003882
2000003883
2000003884
2000003885
2000003886
2000003887
2000003888
2000003889
2000003890
2000003891
2000003892
2000003893
2000003894
2000003895
2000003896
2000003897
2000003898
2000003899
2000003900
2000003901
2000003902
2000003903
2000003904
2000003905
2000003906
2000003907
2000003908
2000003909
2000003910
2000003911
2000003912
2000003913
2000003914
2000003915
2000003916
2000003917
2000003918
2000003919
2000003920
2000003921
2000003922
2000003923
2000003924
2000003925
2000003926
2000003927
2000003928
2000003929
2000003930
2000003931
2000003932
2000003933
2000003934
2000003936
2000003937
2000003938
2000003939
2000003940
2000003941
2000003942
2000003943
2000003944
2000003945
2000003946
2000003947
2000003948
2000003949
2000003950
2000003951
2000003952
2000003953
2000003954
2000003955
2000003956
2000003958
2000003959
2000003960
2000003961
2000003962
2000003963
2000003964
2000003965
2000003966
2000003967
2000003968
2000003969
2000003970
2000003971
2000003972
2000003973
2000003974
2000003975
2000003976
2000003977
2000003978
2000003979
2000003980
2000003981
2000003982
2000003983
2000003984
2000003985
2000003986
2000003987
2000003988
2000003989
2000003990
2000003991
2000003992
2000003993
2000003994
2000003995
2000003996
2000003997
2000003998
2000003999
2000004000
2000004002
2000004003
2000004004
2000004005
2000004006
2000004007
2000004008
2000004009
2000004010
2000004011
2000004012
2000004013
2000004014
2000004015
2000004018
2000004019
2000004020
2000004021
2000004022
2000004023
2000004024
2000004025
2000004026
2000004027
2000004028
2000004029
2000004030
2000004031
2000004032
2000004033
2000004034
2000004035
2000004036
2000004037
2000004038
2000004041
2000004042
2000004043
2000004044
2000004045
2000004046
2000004047
2000004048
2000004049
2000004050
2000004051
2000004053
2000004054
2000004055
2000004056
2000004058
2000004059
2000004060
2000004061
2000004062
2000004063
2000004064
2000004065
2000004066
2000004067
2000004068
2000004069
2000004070
2000004071
2000004072
2000004073
2000004074
2000004075
2000004076
2000004077
2000004078
2000004079
2000004080
2000004081
2000004082
2000004083
2000004084
2000004085
2000004086
2000004087
2000004088
2000004089
2000004090
2000004091
2000004092
2000004093
2000004094
2000004095
2000004096
2000004097
2000004098
2000004099
2000004100
2000004101
2000004102
2000004103
2000004104
2000004105
2000004106
2000004107
2000004108
2000004109
2000004110
2000004111
2000004112
2000004113
2000004115
2000004116
2000004117
2000004118
2000004119
2000004122
2000004123
2000004124
2000004125
2000004126
2000004127
2000004128
2000004129
2000004130
2000004131
2000004132
2000004133
2000004134
2000004135
2000004136
2000004137
2000004138
2000004139
2000004140
2000004141
2000004142
2000004143
2000004144
2000004145
2000004146
2000004147
2000004148
2000004149
2000004150
2000004152
2000004153
2000004154
2000004155
2000004156
2000004157
2000004158
2000004159
2000004160
2000004161
2000004162
2000004163
2000004164
2000004165
2000004166
2000004167
2000004168
2000004169
2000004170
2000004171
2000004172
2000004173
2000004174
2000004175
2000004176
2000004177
2000004178
2000004179
2000004180
2000004181
2000004182
2000004183
2000004184
2000004185
2000004186
2000004187
2000004188
2000004189
2000004190
2000004191
2000004192
2000004193
2000004194
2000004195
2000004196
2000004197
2000004198
2000004199
2000004200
2000004201
2000004202
2000004203
2000004204
2000004205
2000004206
2000004207
2000004208
2000004209
2000004210
2000004211
2000004212
2000004213
2000004214
2000004215
2000004216
2000004217
2000004218
2000004219
2000004220
2000004221
2000004222
2000004223
2000004224
2000004225
2000004226
2000004227
2000004228
2000004229
2000004230
2000004231
2000004232
2000004233
2000004235
2000004236
2000004237
2000004238
2000004239
2000004240
2000004241
2000004242
2000004243
2000004244
2000004245
2000004246
2000004247
2000004248
2000004249
2000004251
2000004252
2000004253
2000004254
2000004255
2000004256
2000004257
2000004258
2000004259
2000004261
2000004262
2000004263
2000004264
2000004267
2000004268
2000004269
2000004270
2000004271
2000004272
2000004273
2000004274
2000004275
2000004276
2000004277
2000004278
2000004279
2000004280
2000004281
2000004282
2000004283
2000004284
2000004285
2000004286
2000004287
2000004288
2000004289
2000004290
2000004291
2000004292
2000004293
2000004294
2000004295
2000004296
2000004297
2000004298
2000004299
2000004300
2000004301
2000004302
2000004303
2000004304
2000004305
2000004306
2000004307
2000004308
2000004309
2000004310
2000004311
2000004312
2000004313
2000004314
2000004315
2000004316
2000004317
2000004318
2000004319
2000004320
2000004321
2000004322
2000004323
2000004324
2000004325
2000004326
2000004327
2000004328
2000004329
2000004330
2000004331
2000004333
2000004334
2000004335
2000004336
2000004337
2000004338
2000004339
2000004340
2000004341
2000004342
2000004343
2000004344
2000004345
2000004346
2000004347
2000004348
2000004349
2000004350
2000004351
2000004352
2000004353
2000004354
2000004355
2000004356
2000004357
2000004358
2000004359
2000004360
2000004361
2000004362
2000004363
2000004364
2000004365
2000004367
2000004368
2000004369
2000004370
2000004371
2000004372
2000004373
2000004374
2000004375
2000004376
2000004377
2000004378
2000004379
2000004381
2000004382
2000004383
2000004384
2000004385
2000004386
2000004387
2000004388
2000004389
2000004391
2000004392
2000004393
2000004394
2000004395
2000004396
2000004397
2000004398
2000004400
2000004401
2000004402
2000004403
2000004404
2000004405
2000004406
2000004407
2000004408
2000004409
2000004410
2000004411
2000004412
2000004413
2000004414
2000004415
2000004416
2000004417
2000004418
2000004420
2000004421
2000004422
2000004423
2000004424
2000004425
2000004426
2000004427
2000004428
2000004429
2000004430
2000004431
2000004432
2000004433
2000004434
2000004435
2000004436
2000004437
2000004438
2000004441
2000004442
2000004443
2000004444
2000004445
2000004446
2000004447
2000004448
2000004449
2000004450
2000004451
2000004452
2000004453
2000004454
2000004455
2000004456
2000004457
2000004458
2000004459
2000004460
2000004461
2000004462
2000004463
2000004464
2000004465
2000004466
2000004467
2000004468
2000004469
2000004470
2000004471
2000004472
2000004473
2000004474
2000004475
2000004476
2000004477
2000004478
2000004479
2000004480
2000004481
2000004482
2000004483
2000004484
2000004485
2000004486
2000004487
2000004488
2000004489
2000004490
2000004491
2000004492
2000004493
2000004494
2000004495
2000004496
2000004497
2000004498
2000004499
2000004500
2000004501
2000004502
2000004503
2000004504
2000004505
2000004506
2000004507
2000004508
2000004509
2000004510
2000004511
2000004512
2000004513
2000004514
2000004515
2000004516
2000004517
2000004518
2000004519
2000004520
2000004521
2000004522
2000004523
2000004524
2000004525
2000004526
2000004527
2000004529
2000004530
2000004531
2000004532
2000004533
2000004534
2000004535
2000004536
2000004537
2000004538
2000004539
2000004540
2000004541
2000004542
2000004544
2000004545
2000004546
2000004548
2000004549
2000004550
2000004551
2000004552
2000004553
2000004554
2000004555
2000004556
2000004557
2000004558
2000004559
2000004560
2000004561
2000004562
2000004563
2000004564
2000004565
2000004566
2000004567
2000004568
2000004569
2000004570
2000004571
2000004572
2000004573
2000004574
2000004575
2000004576
2000004577
2000004578
2000004579
2000004580
2000004581
2000004582
2000004583
2000004584
2000004585
2000004586
2000004587
2000004588
2000004589
2000004590
2000004591
2000004592
2000004593
2000004594
2000004595
2000004596
2000004597
2000004598
2000004599
2000004600
2000004601
2000004602
2000004603
2000004604
2000004605
2000004606
2000004607
2000004608
2000004609
2000004610
2000004611
2000004612
2000004613
2000004614
2000004615
2000004618
2000004619
2000004620
2000004621
2000004622
2000004623
2000004624
2000004625
2000004626
2000004627
2000004628
2000004629
2000004630
2000004631
2000004632
2000004633
2000004634
2000004635
2000004636
2000004637
2000004639
2000004640
2000004641
2000004642
2000004643
2000004644
2000004645
2000004646
2000004647
2000004648
2000004649
2000004651
2000004652
2000004653
2000004654
2000004655
2000004656
2000004657
2000004658
2000004659
2000004660
2000004662
2000004663
2000004664
2000004665
2000004666
2000004667
2000004668
2000004669
2000004670
2000004671
2000004672
2000004673
2000004674
2000004675
2000004676
2000004677
2000004678
2000004679
2000004680
2000004681
2000004682
2000004683
2000004684
2000004685
2000004686
2000004687
2000004688
2000004689
2000004690
2000004691
2000004692
2000004693
2000004694
2000004695
2000004696
2000004697
2000004698
2000004699
2000004700
2000004701
2000004702
2000004703
2000004704
2000004705
2000004708
2000004709
2000004710
2000004711
2000004712
2000004713
2000004714
2000004715
2000004716
2000004717
2000004718
2000004719
2000004720
2000004721
2000004722
2000004723
2000004724
2000004725
2000004726
2000004727
2000004728
2000004729
2000004730
2000004731
2000004732
2000004733
2000004734
2000004735
2000004736
2000004737
2000004738
2000004739
2000004740
2000004741
2000004742
2000004743
2000004744
2000004745
2000004747
2000004748
2000004749
2000004750
2000004751
2000004752
2000004753
2000004754
2000004755
2000004756
2000004757
2000004758
2000004759
2000004760
2000004761
2000004762
2000004763
2000004764
2000004766
2000004767
2000004768
2000004769
2000004770
2000004772
2000004773
2000004774
2000004775
2000004777
2000004779
2000004780
2000004781
2000004782
2000004783
2000004784
2000004785
2000004786
2000004787
2000004788
2000004791
2000004793
2000004794
2000004795
2000004796
2000004797
2000004798
2000004799
2000004800
2000004801
2000004803
2000004804
2000004805
2000004806
2000004807
2000004808
2000004809
2000004810
2000004811
2000004812
2000004813
2000004814
2000004815
2000004816
2000004817
2000004819
2000004820
2000004821
2000004822
2000004823
2000004824
2000004825
2000004826
2000004827
2000004828
2000004829
2000004830
2000004831
2000004832
2000004833
2000004834
2000004835
2000004836
2000004837
2000004838
2000004839
2000004840
2000004841
2000004842
2000004843
2000004844
2000004845
2000004846
2000004847
2000004848
2000004849
2000004850
2000004851
2000004853
2000004854
2000004855
2000004856
2000004857
2000004858
2000004859
2000004860
2000004861
2000004864
2000004865
2000004866
2000004867
2000004868
2000004869
2000004870
2000004871
2000004873
2000004874
2000004875
2000004876
2000004877
2000004878
2000004879
2000004880
2000004881
2000004882
2000004883
2000004884
2000004885
2000004886
2000004887
2000004888
2000004889
2000004890
2000004891
2000004892
2000004893
2000004894
2000004895
2000004896
2000004897
2000004898
2000004900
2000004901
2000004902
2000004903
2000004904
2000004905
2000004906
2000004907
2000004908
2000004909
2000004910
2000004911
2000004912
2000004913
2000004914
2000004915
2000004916
2000004917
2000004918
2000004919
2000004920
2000004921
2000004922
2000004923
2000004924
2000004925
2000004926
2000004927
2000004928
2000004929
2000004930
2000004931
2000004932
2000004933
2000004934
2000004935
2000004936
2000004937
2000004938
2000004939
2000004940
2000004942
2000004943
2000004944
2000004945
2000004946
2000004947
2000004949
2000004950
2000004951
2000004952
2000004953
2000004954
2000004955
2000004956
2000004957
2000004958
2000004959
2000004960
2000004961
2000004962
2000004963
2000004964
2000004965
2000004968
2000004969
2000004970
2000004971
2000004972
2000004973
2000004974
2000004976
2000004977
2000004978
2000004979
2000004980
2000004981
2000004982
2000004983
2000004984
2000004985
2000004986
2000004987
2000004988
2000004989
2000004990
2000004991
2000004992
2000004993
2000004994
2000004995
2000004996
2000004997
2000004998
2000004999
2000005000
2000005001
2000005002
2000005003
2000005004
2000005005
2000005006
2000005007
2000005008
2000005009
2000005010
2000005011
2000005012
2000005013
2000005014
2000005015
2000005016
2000005017
2000005018
2000005019
2000005020
2000005021
2000005022
2000005023
2000005024
2000005025
2000005026
2000005027
2000005028
2000005029
2000005030
2000005031
2000005032
2000005033
2000005034
2000005035
2000005036
2000005037
2000005038
2000005039
2000005040
2000005041
2000005042
2000005043
2000005044
2000005045
2000005046
2000005047
2000005048
2000005049
2000005050
2000005051
2000005052
2000005053
2000005054
2000005055
2000005056
2000005057
2000005058
2000005059
2000005060
2000005061
2000005062
2000005063
2000005064
2000005065
2000005066
2000005067
2000005068
2000005069
2000005070
2000005071
2000005072
2000005073
2000005074
2000005075
2000005076
2000005077
2000005078
2000005079
2000005080
2000005081
2000005082
2000005083
2000005085
2000005086
2000005087
2000005088
2000005089
2000005090
2000005091
2000005092
2000005093
2000005094
2000005096
2000005097
2000005098
2000005099
2000005100
2000005101
2000005102
2000005103
2000005104
2000005105
2000005106
2000005107
2000005108
2000005109
2000005110
2000005111
2000005112
2000005113
2000005114
2000005115
2000005116
2000005117
2000005118
2000005119
2000005120
2000005121
2000005122
2000005123
2000005124
2000005125
2000005126
2000005127
2000005128
2000005129
2000005130
2000005131
2000005132
2000005133
2000005134
2000005135
2000005136
2000005137
2000005138
2000005139
2000005140
2000005141
2000005142
2000005143
2000005144
2000005145
2000005146
2000005147
2000005148
2000005149
2000005150
2000005151
2000005152
2000005153
2000005154
2000005155
2000005156
2000005157
2000005158
2000005159
2000005160
2000005161
2000005162
2000005164
2000005165
2000005166
2000005167
2000005168
2000005169
2000005170
2000005172
2000005173
2000005174
2000005175
2000005177
2000005178
2000005180
2000005182
2000005183
2000005184
2000005185
2000005186
2000005187
2000005188
2000005189
2000005190
2000005191
2000005192
2000005193
2000005194
2000005195
2000005196
2000005197
2000005198
2000005199
2000005200
2000005201
2000005202
2000005203
2000005204
2000005205
2000005206
2000005207
2000005208
2000005209
2000005211
2000005212
2000005213
2000005214
2000005215
2000005216
2000005217
2000005218
2000005219
2000005220
2000005221
2000005222
2000005223
2000005224
2000005225
2000005226
2000005228
2000005230
2000005231
2000005232
2000005518
2000005534
2000005548
2000005553
2000005556
2000005615
2000005616
2000005617
2000005695
2000005980
2000006159
2000006559
2000006647
2000006946
2000007102
2000007651
2000007653
2000007654
2000007766
2000007828
2000008292
2000008889
2000009209
2000009210
2000009433
2000009977
2000010060
2000010225
2000010274
2000010378
2000010533
2000010534
2000010535
2000010536
2000010537
2000010538
2000010588
2000010612
2000010614
2000010657
2000010757
2000010772
2000010775
2000010776
2000010777
2000010815
2000010816
2000010817
2000010886
2000010887
2000010888
2000010889
2000010958
2000010969
2000010970
2000010971
2000010977
2000011065
2000011067
2000011080
2000011142
2000011154
2000011169
2000011208
2000011574
2000011972
2000011974
2000011975
2000012050
2000012059
2000012083
2000012305
2000012359
2000012363
2000012491
2000012492
2000012499
2000012501
2000012503
2000012512
2000012532
2000012534
2000012535
2000012562
2000012573
2000012575
2000012577
2000012598
2000012603
2000012722
2000012732
2000012806
2000012808
2000012809
2000012812
2000012813
2000012855
2000012858
2000012864
2000012918
2000012953
2000012981
2000012983
2000012984
2000013016
2000013030
2000013057
2000013060
2000013065
2000013066
2000013069
2000013070
2000013091
2000013159
2000013171
2000013187
2000013192
2000013194
2000013233
2000013293
2000013344
2000013358
2000013360
2000013377
2000013381
2000013385
2000013387
2000013412
2000013418
2000013420
2000013428
2000013433
2000013479
2000013481
2000013483
2000013550
2000013552
2000013554
2000013672
2000013676
2000013687
2000013691
2000013749
2000013757
2000013762
2000013763
2000013766
2000013827
2000013836
2000013838
table=Boxes
2000101306
2000101307
2000101310
2000101311
2000101312
2000101313
2000110160
2000125470
2000125474
2000125488
2000125490
2000125491
2000125492
2000125493
2000125494
2000125498
2000125499
2000128976
2000128977
2000128978
2000128983
2000128987
2000128988
2000128989
2000128990
2000128991
2000128992
2000128993
2000128998
2000128999
2000129000
2000129001
2000129002
2000129003
table=FTP_Loads
2000003448
2000003449
table=FTP_Sets
2000005248
2000005258
2000005927
2000009023
table=FTP_Threads
2000003845
2000003846
2000003847
2000003848
2000003849
2000003850
2000003851
2000003852
table=History
2000451866
2000543395
2000543396
2000543397
2000543398
2000543399
2000543400
2000543401
2000543402
2000543403
2000543404
2000543405
2000543406
2000543407
2000543408
2000543409
2000543410
2000543411
2000543412
2000543413
table=Incomings
202275
202278
table=LoadSets
2000000192
2000000202
2000000219
2000000234
2000000246
table=Orders
201008
201039
201042
201045
201047
201067
201097
203302
table=OrdThreads
2000008233
table=OSA_Colors
2000000156
table=OSA_Lines
1000000283
table=Pieces
2000000199
2000001401
2000009639
2000010532
2000010563
2000022598
2000023262
2000023263
2000023264
2000023265
2000023266
2000023267
2000023268
2000023269
2000023270
2000023271
2000023272
2000023273
2000023274
2000023275
2000023276
2000023277
2000023278
2000023279
2000023280
2000023281
2000023282
2000023283
2000023284
2000023285
2000023508
2000023509
2000023510
2000023511
2000023512
2000023513
2000023514
2000023515
2000023516
2000023598
2000023599
2000023600
2000023601
2000023602
2000023603
2000023604
2000023605
2000023606
2000023607
2000023608
2000023609
2000023610
2000023611
2000023612
2000023613
2000023614
2000023615
2000023616
2000023617
2000023785
2000023786
2000023787
2000023788
2000023789
2000023790
2000023791
2000023792
2000023793
2000023794
2000023988
2000023989
2000023990
2000023991
2000023992
2000023993
2000023994
2000023995
2000023996
2000023997
2000023998
2000023999
2000024191
2000024192
2000024193
2000024194
2000024195
2000024196
2000024197
2000024198
2000024199
2000024200
2000024514
2000024515
2000024516
2000024517
2000024518
2000024519
2000024520
2000024521
2000024522
2000024523
2000024524
2000024525
2000024526
2000024527
2000024528
2000024529
2000024530
2000024531
2000024532
2000024533
2000032545
2000038691
2000041347
2000041376
2000042374
2000043305
2000043307
2000052738
2000061030
2000061031
2000061032
2000061033
2000062113
table=PurchaseLines
2000000140
2000000239
2000000256
2000000275
2000000284
2000000289
2000000312
2000000323
2000000377
2000000400
2000000449
2000000454
2000000455
2000000456
2000000467
2000000468
2000000472
2000000474
2000000481
2000000487
2000000493
2000000494
2000000495
2000000499
2000000500
2000000505
2000000506
2000000508
2000000509
2000000511
2000000512
2000000513
2000000515
2000000516
2000000517
table=Purchases
200058
200084
200091
200101
200107
200113
200118
200141
table=QuotColors
1000004307
1000004308
1000004309
1000004310
1000004322
1000004323
1000004324
1000004325